Kr,Rs,Ar,Vf (%),k,k_egv,k_mean,k_std,k_max,k_min
5,10000,1,5,"[[0.11253937912637, 4.3336911915255e-05, -0.0006833547692942], [4.3336911915255e-05, 0.11326921312519, 0.0002291375642963], [-0.0006833547692942, 0.0002291375642963, 0.11316357112729]]","[0.11207829149659551, 0.11367613506583855, 0.11321773681641586]",0.112990721126283,0.000822756410256,0.113676135065839,0.112078291496596
5,10000,2,5,"[[0.11287893231368, -0.0004538233828366, -0.0006266076763767], [-0.0004538233828366, 0.11350595306614, -0.0008422722019535], [-0.0006266076763767, -0.0008422722019535, 0.11485070299384]]","[0.11227344905303073, 0.1136453762011327, 0.11531676311949653]",0.113745196124553,0.001524110606098,0.115316763119497,0.112273449053031
5,10000,3,5,"[[0.11434687691067, -0.0011052947802654, 0.0003953624988272], [-0.0011052947802654, 0.11519209573163, -0.0005706269682099], [0.0003953624988272, -0.0005706269682099, 0.11574098812309]]","[0.11358615165031512, 0.11654914330278134, 0.11514466581229345]",0.11509332025513,0.00148216299975,0.116549143302781,0.113586151650315
5,10000,4,5,"[[0.11552570394772, -0.0010668687385056, -0.0010885259783767], [-0.0010668687385056, 0.11581719428906, 0.0001616187471979], [-0.0010885259783767, 0.0001616187471979, 0.1183414060516]]","[0.11880371198639532, 0.11445245610010372, 0.11642813620188087]",0.116561434762793,0.002178688441873,0.118803711986395,0.114452456100104
5,10000,5,5,"[[0.11565466145708, 0.001750290294869, -0.0014743656858871], [0.001750290294869, 0.11581329817836, 0.0008559704888733], [-0.0014743656858871, 0.0008559704888733, 0.11948508890147]]","[0.11351844444119448, 0.11742999989990113, 0.1200046041958145]",0.116984349512303,0.003265963914618,0.120004604195815,0.113518444441194
5,10000,6,5,"[[0.11527743404662, 0.000774774737221, -0.0021549955534922], [0.000774774737221, 0.11627501962949, 5.2428849479384e-05], [-0.0021549955534922, 5.2428849479384e-05, 0.11912644871694]]","[0.12011047342728944, 0.11407058555477152, 0.11649784341098898]",0.11689296746435,0.00303926860302,0.120110473427289,0.114070585554772
5,10000,1,10,"[[0.12786570658074, -8.9521358533882e-05, -0.0007468422790197], [-8.9521358533882e-05, 0.1285957494094, 0.0007378895032264], [-0.0007468422790197, 0.0007378895032264, 0.12879850471695]]","[0.12966941723156816, 0.12737082067276828, 0.12821972280275357]",0.128419986902363,0.001162310551112,0.129669417231568,0.127370820672768
5,10000,2,10,"[[0.12818066629393, -0.001626702285688, -4.0170317371771e-06], [-0.001626702285688, 0.13178680036783, 0.0001037148186504], [-4.0170317371771e-06, 0.0001037148186504, 0.13184528540647]]","[0.12755505475602166, 0.13242870272513943, 0.13182899458706884]",0.13060425068941,0.00265765109502,0.132428702725139,0.127555054756022
5,10000,3,10,"[[0.13187826227875, -0.0018387251933531, 2.1318595846964e-05], [-0.0018387251933531, 0.13306236171406, 0.0009414246437943], [2.1318595846964e-05, 0.0009414246437943, 0.13405552157807]]","[0.13044445225969478, 0.13352577764924684, 0.13502591566193847]",0.132998715190293,0.00233576493964,0.135025915661938,0.130444452259695
5,10000,4,10,"[[0.13448521222091, -0.0016085581339105, -0.0020485808732513], [-0.0016085581339105, 0.13491600855506, 0.001922217366747], [-0.0020485808732513, 0.001922217366747, 0.13724964405056]]","[0.1396270608952764, 0.13303623387492272, 0.13398757005633094]",0.13555028827551,0.003562487386289,0.139627060895276,0.133036233874923
5,10000,5,10,"[[0.13328101900735, 0.0025627802007534, -0.0013925958630781], [0.0025627802007534, 0.13686693543583, 0.0031181652456113], [-0.0013925958630781, 0.0031181652456113, 0.14020924210127]]","[0.13110148787022521, 0.13717792386099886, 0.14207778481322603]",0.136785732181483,0.00549864841396,0.142077784813226,0.131101487870225
5,10000,6,10,"[[0.13375706988782, 0.0021167024481359, -0.0021315691848576], [0.0021167024481359, 0.13894431794232, 0.0032601532930671], [-0.0021315691848576, 0.0032601532930671, 0.13950508108496]]","[0.13165834157652473, 0.13804860522690962, 0.14249952211166564]",0.137402156305033,0.005449423914996,0.142499522111666,0.131658341576525
5,10000,1,15,"[[0.14778562862976, -0.0006787876326425, -0.0019381346407414], [-0.0006787876326425, 0.14653932726488, 0.0011554516600043], [-0.0019381346407414, 0.0011554516600043, 0.14589339329089]]","[0.1494880930523755, 0.1462657291868618, 0.14446452694629264]",0.14673944972851,0.002545066299575,0.149488093052376,0.144464526946293
5,10000,2,15,"[[0.14673077326049, -0.0013965811910047, -0.0007645569146877], [-0.0013965811910047, 0.14909647332636, 0.0010055216010231], [-0.0007645569146877, 0.0010055216010231, 0.15169637792879]]","[0.14606937052485156, 0.15230299922590684, 0.14915125476488153]",0.149174541505213,0.003116879593417,0.152302999225907,0.146069370524852
5,10000,3,15,"[[0.15259853988152, -0.001614285589598, -0.0012808630827861], [-0.001614285589598, 0.15332310813012, 0.0007059128033132], [-0.0012808630827861, 0.0007059128033132, 0.15415962272337]]","[0.15578752304940977, 0.15117887516127557, 0.1531148725243248]",0.153360423578337,0.002314115452888,0.15578752304941,0.151178875161276
5,10000,4,15,"[[0.15623788136105, -0.0005845367046173, -0.0036203318165467], [-0.0005845367046173, 0.15988179447592, 0.0012805826445794], [-0.0036203318165467, 0.0012805826445794, 0.15542158243651]]","[0.1521439062015107, 0.15839361480888153, 0.16100373726308778]",0.157180419424493,0.004552805057374,0.161003737263088,0.152143906201511
5,10000,5,15,"[[0.1551602393694, 0.0021313861578306, -0.0033564781967381], [0.0021313861578306, 0.16077087170141, 0.0023558975361957], [-0.0033564781967381, 0.0023558975361957, 0.16076934893109]]","[0.1525301589635638, 0.1608949392953602, 0.1632753617429759]",0.158900153333967,0.005643511669741,0.163275361742976,0.152530158963564
5,10000,6,15,"[[0.15447499282834, 0.0029231669280933, -0.0056520664166383], [0.0029231669280933, 0.1631299285093, 0.002598925472544], [-0.0056520664166383, 0.002598925472544, 0.16167149308698]]","[0.15024042702283621, 0.1636426099108573, 0.16539337749092656]",0.159758804808207,0.008289507435827,0.165393377490927,0.150240427022836
5,10000,1,20,"[[0.16959206664739, -0.0008625628950713, -0.0030532788154873], [-0.0008625628950713, 0.16737752474943, 0.001109245455517], [-0.0030532788154873, 0.001109245455517, 0.16807894075779]]","[0.1723555654290951, 0.16561058185731545, 0.16708238486819943]",0.168349510718203,0.003546534475471,0.172355565429095,0.165610581857315
5,10000,2,20,"[[0.1681204724304, -0.0009891554540814, 0.0001566518007018], [-0.0009891554540814, 0.17170700957395, 0.0025086676712148], [0.0001566518007018, 0.0025086676712148, 0.17567418189788]]","[0.16777332544455975, 0.17082987177193712, 0.17689846668573314]",0.17183388796741,0.004644683741486,0.176898466685733,0.16777332544456
5,10000,3,20,"[[0.17367688015976, -0.0016406281807419, -0.0023420040366786], [-0.0016406281807419, 0.17918914715426, 0.0032882575995359], [-0.0023420040366786, 0.0032882575995359, 0.17850132161714]]","[0.18299011956486202, 0.1727089671431795, 0.1756682622231183]",0.17712244964372,0.005292591007261,0.182990119564862,0.172708967143179
5,10000,4,20,"[[0.18178380099466, 0.0017665126527705, -0.0071012279915375], [0.0017665126527705, 0.18210611402721, -1.4948773523504e-05], [-0.0071012279915375, -1.4948773523504e-05, 0.17923507127474]]","[0.1731521439776175, 0.18804234270527528, 0.18193049961371704]",0.18104166209887,0.007484786478794,0.188042342705275,0.173152143977617
5,10000,5,20,"[[0.18324685235716, 0.0060226354703424, -0.0063567153690372], [0.0060226354703424, 0.18673611633207, 0.0027227904169852], [-0.0063567153690372, 0.0027227904169852, 0.18250920714738]]","[0.17357985254607008, 0.1917303940890297, 0.18718192920151017]",0.184164058612203,0.009444109102823,0.19173039408903,0.17357985254607
5,10000,6,20,"[[0.1827405481825, 0.004453866593021, -0.0082064843225515], [0.004453866593021, 0.18823158025121, 0.0058744904488037], [-0.0082064843225515, 0.0058744904488037, 0.18434718035214]]","[0.172037495969537, 0.19038980258746674, 0.19289201022884622]",0.18510643626195,0.01138697330484,0.192892010228846,0.172037495969537
5,10000,1,25,"[[0.19384061376936, 0.0008105069837918, -0.0037507110303685], [0.0008105069837918, 0.19249346445992, 0.0015340046331523], [-0.0037507110303685, 0.0015340046331523, 0.19223740323192]]","[0.18847921771254325, 0.19690218007490046, 0.19319008367375615]",0.192857160487067,0.004221338902007,0.1969021800749,0.188479217712543
5,10000,2,25,"[[0.19264393548238, -0.0018603367731697, 0.0019376043168573], [-0.0018603367731697, 0.196227581039, 0.0024077638526213], [0.0019376043168573, 0.0024077638526213, 0.19893502130703]]","[0.1908882764789146, 0.1964931795209704, 0.20042508182852486]",0.19593551260947,0.004792797550202,0.200425081828525,0.190888276478915
5,10000,3,25,"[[0.1994612756848, 0.0007897171770344, -0.0021827919630372], [0.0007897171770344, 0.20691547618076, 0.0050098542718774], [-0.0021827919630372, 0.0050098542718774, 0.20485248706744]]","[0.1978000118005566, 0.20237742586754226, 0.21105180126490128]",0.203743079644333,0.006730619487118,0.211051801264901,0.197800011800557
5,10000,4,25,"[[0.20841674683196, 0.0030041384876548, -0.007280641352722], [0.0030041384876548, 0.21350536832534, 0.0058131852976262], [-0.007280641352722, 0.0058131852976262, 0.2057444846757]]","[0.19716280016843324, 0.21373589770785784, 0.21676790195670906]",0.209222199944333,0.010553203525826,0.216767901956709,0.197162800168433
5,10000,5,25,"[[0.21238752543705, 0.0055808900966893, -0.0061871962787325], [0.0055808900966893, 0.21287232498077, 0.006153081413062], [-0.0061871962787325, 0.006153081413062, 0.21108544132588]]","[0.20010867469747248, 0.21795580550220367, 0.21828081154402376]",0.2121150972479,0.010399136698609,0.218280811544024,0.200108674697472
5,10000,6,25,"[[0.21172609486429, 0.0031729449807134, -0.0070558832007638], [0.0031729449807134, 0.21584884013239, 0.008247536509635], [-0.0070558832007638, 0.008247536509635, 0.21026010627515]]","[0.19957318357133635, 0.21616954255173762, 0.2220923151487561]",0.212611680423943,0.011673543118547,0.222092315148756,0.199573183571336
5,10000,1,30,"[[0.22085610370278, -0.0006388203309512, -0.0025083707304662], [-0.0006388203309512, 0.21958452186272, 0.0011908632979077], [-0.0025083707304662, 0.0011908632979077, 0.21891139642577]]","[0.2230034954000541, 0.2170254985697778, 0.21932302802143824]",0.219784007330423,0.003015541073868,0.223003495400054,0.217025498569778
5,10000,2,30,"[[0.2228133958501, -0.0022779171833717, 0.0009168942908984], [-0.0022779171833717, 0.22649325668788, 0.0018738052087889], [0.0009168942908984, 0.0018738052087889, 0.22725649537063]]","[0.22125875582718887, 0.22640337168245367, 0.2289010203989675]",0.22552104930287,0.00389678348544,0.228901020398968,0.221258755827189
5,10000,3,30,"[[0.23025156183847, 0.0023967019239119, -0.0023064511030605], [0.0023967019239119, 0.23390630973857, 0.0057858184105677], [-0.0023064511030605, 0.0057858184105677, 0.23477354404936]]","[0.22596032741593877, 0.23282870628949984, 0.24014238192096127]",0.232977138542133,0.007092192298301,0.240142381920961,0.225960327415939
5,10000,4,30,"[[0.23828603209052, 0.0041402104294588, -0.0097910511379433], [0.0041402104294588, 0.24250255598066, 0.004664038611859], [-0.0097910511379433, 0.004664038611859, 0.23601455415683]]","[0.22506330553238404, 0.24700703937894417, 0.24473279731668138]",0.23893438074267,0.012066403352138,0.247007039378944,0.225063305532384
5,10000,5,30,"[[0.2438358299458, 0.0039686639173818, -0.0091321908971658], [0.0039686639173818, 0.24482491505238, 0.0086115825243496], [-0.0091321908971658, 0.0086115825243496, 0.24349728591522]]","[0.22926535099623827, 0.24831844656445884, 0.25457423335270263]",0.244052676971133,0.013182658085562,0.254574233352703,0.229265350996238
5,10000,6,30,"[[0.24277608063602, 0.0007533053131418, -0.010549535277955], [0.0007533053131418, 0.2457299680571, 0.01022227721171], [-0.010549535277955, 0.01022227721171, 0.24349012555248]]","[0.22871732458543378, 0.2450371836014659, 0.2582416660587007]",0.243998724748533,0.014789539629395,0.258241666058701,0.228717324585434
5,10000,1,35,"[[0.25448268983691, 0.0006261942630483, -0.0032995091581986], [0.0006261942630483, 0.25018132035504, 0.0026968723241374], [-0.0032995091581986, 0.0026968723241374, 0.25006988414717]]","[0.24639330898396034, 0.25634346633219185, 0.25199711902296795]",0.251577964779707,0.004988303872397,0.256343466332192,0.24639330898396
5,10000,2,35,"[[0.25670664226326, -0.0007183685447224, 0.0011839404703738], [-0.0007183685447224, 0.25601696451578, 0.00060834519279], [0.0011839404703738, 0.00060834519279, 0.25974467625201]]","[0.2601810329661163, 0.2570312180996402, 0.2552560319652938]",0.257489427677017,0.00249426857558,0.260181032966116,0.255256031965294
5,10000,3,35,"[[0.26327760565714, -6.5216862433736e-05, -0.0044681717049095], [-6.5216862433736e-05, 0.26514673523174, 0.0031180421798707], [-0.0044681717049095, 0.0031180421798707, 0.26680463078365]]","[0.2710562913128084, 0.25963997844009623, 0.2645327019196254]",0.265076323890843,0.00572753817426,0.271056291312808,0.259639978440096
5,10000,4,35,"[[0.27252752569047, 0.0030736233178847, -0.01318365337636], [0.0030736233178847, 0.27566587563721, 0.0042228851682529], [-0.01318365337636, 0.0042228851682529, 0.26794793446021]]","[0.2555096276711834, 0.283638066971661, 0.2769936411450456]",0.272047111929297,0.014702155890612,0.283638066971661,0.255509627671183
5,10000,5,35,"[[0.27477577616087, 0.0095278682291385, -0.0084233215484586], [0.0095278682291385, 0.2791303975012, 0.011915310044977], [-0.0084233215484586, 0.011915310044977, 0.27680362659678]]","[0.2569843352968498, 0.2835638709381615, 0.29016159402383895]",0.27690326675295,0.017562897262224,0.290161594023839,0.25698433529685
5,10000,6,35,"[[0.27849963880578, 0.0044464632920172, -0.0059442381194919], [0.0044464632920172, 0.27906245850826, 0.010875300019826], [-0.0059442381194919, 0.010875300019826, 0.2754004672844]]","[0.2627213959686837, 0.2819544233476683, 0.28828674528208803]",0.27765418819948,0.013314119878024,0.288286745282088,0.262721395968684
5,10000,1,40,"[[0.29253287227451, 0.0017193640598469, 0.0001159026632768], [0.0017193640598469, 0.28835800497491, 0.0056419267484046], [0.0001159026632768, 0.0056419267484046, 0.28508210630984]]","[0.29404181821937037, 0.29116221111195467, 0.2807689542279352]",0.28865766118642,0.006981891389939,0.29404181821937,0.280768954227935
5,10000,2,40,"[[0.29510841987796, -0.0058707088407061, 0.0027177279271362], [-0.0058707088407061, 0.29361103815866, 0.0021000914844257], [0.0027177279271362, 0.0021000914844257, 0.29579461647728]]","[0.2871249169906287, 0.3003944216365407, 0.2969947358867303]",0.294838024837967,0.006892640299469,0.300394421636541,0.287124916990629
5,10000,3,40,"[[0.30061838448134, 0.0016689667770242, -0.0022463591838248], [0.0016689667770242, 0.30183949376241, 0.0010867408245662], [-0.0022463591838248, 0.0010867408245662, 0.30406712280647]]","[0.2983783581767604, 0.3029510073217027, 0.30519563555175705]",0.302175000350073,0.00347425644087,0.305195635551757,0.29837835817676
5,10000,4,40,"[[0.30989834259031, 0.0037099571520276, -0.01411489844304], [0.0037099571520276, 0.3109993123503, -0.0003089054324935], [-0.01411489844304, -0.0003089054324935, 0.3056440915532]]","[0.2932233018303483, 0.3228242015524476, 0.3104942431110137]",0.30884724883127,0.014869020099105,0.322824201552448,0.293223301830348
5,10000,5,40,"[[0.3131790643277, 0.0106986560982, -0.0096944974197994], [0.0106986560982, 0.31067962110951, 0.0067276136189314], [-0.0096944974197994, 0.0067276136189314, 0.31551913503575]]","[0.2947408619348617, 0.3247790324559785, 0.31985792608212005]",0.313125940157653,0.016110948076676,0.324779032455978,0.294740861934862
5,10000,6,40,"[[0.31575980196982, 0.0035961537884739, -0.0063604379265743], [0.0035961537884739, 0.31174294189143, 0.0068012885166414], [-0.0063604379265743, 0.0068012885166414, 0.31252561775381]]","[0.30176932513380483, 0.3210584727750056, 0.3172005637062497]",0.31334278720502,0.010206842500553,0.321058472775006,0.301769325133805
5,10000,1,45,"[[0.33362556027881, 0.0005964184209726, 0.0001651369651844], [0.0005964184209726, 0.32952949181556, 0.0040316015209301], [0.0001651369651844, 0.0040316015209301, 0.32752777928992]]","[0.3338998317540665, 0.33241445265314506, 0.32436854697707823]",0.33022761046143,0.005128163068157,0.333899831754066,0.324368546977078
5,10000,2,45,"[[0.33514495177215, -0.0041229063556682, 0.0046511832666857], [-0.0041229063556682, 0.33419349835374, 0.000103607659153], [0.0046511832666857, 0.000103607659153, 0.33877449578123]]","[0.34263800854504606, 0.3293004497589692, 0.33617448760310503]",0.336037648635707,0.006669832252033,0.342638008545046,0.329300449758969
5,10000,3,45,"[[0.34390135485434, -0.0026141188028832, -0.00155944114321], [-0.0026141188028832, 0.345001918529, 0.0003503095096473], [-0.00155944114321, 0.0003503095096473, 0.33893106423517]]","[0.34731484593101514, 0.3420648575623043, 0.3384546341251909]",0.342611445872837,0.004455323489594,0.347314845931015,0.338454634125191
5,10000,4,45,"[[0.35206017130694, 0.0073961183324203, -0.014439530259243], [0.0073961183324203, 0.34787349005867, -0.0015464209499975], [-0.014439530259243, -0.0015464209499975, 0.34954503982713]]","[0.36750097043170465, 0.3350107253984727, 0.34696700536256264]",0.349826233730913,0.016432753747521,0.367500970431705,0.335010725398473
5,10000,5,45,"[[0.35490736943654, 0.014072044389184, -0.012433277848431], [0.014072044389184, 0.34876044369054, 0.0072686563886197], [-0.012433277848431, 0.0072686563886197, 0.35735965376486]]","[0.3304969971327784, 0.36996873142788295, 0.3605617383312786]",0.353675822297313,0.020617136847437,0.369968731427883,0.330496997132778
5,10000,6,45,"[[0.3584847724863, 0.0051581552223299, -0.010433118712242], [0.0051581552223299, 0.34619456701147, 0.0063670352220354], [-0.010433118712242, 0.0063670352220354, 0.35695480857592]]","[0.3385284079779628, 0.3681973545371413, 0.3549083855585855]",0.353878049357896,0.014861285004928,0.368197354537141,0.338528407977963
5,10000,1,50,"[[0.37724280344555, 0.0001642637459244, 0.0017500377974029], [0.0001642637459244, 0.37333263366606, 0.0077791771585408], [0.0017500377974029, 0.0077791771585408, 0.37163061835727]]","[0.380788880521165, 0.37687421210089084, 0.3645429628468242]",0.374068685156293,0.008478543291628,0.380788880521165,0.364542962846824
5,10000,2,50,"[[0.38047252892087, -0.0061653329082739, 0.0023663026748585], [-0.0061653329082739, 0.38159930980634, 0.0022846106458102], [0.0023663026748585, 0.0022846106458102, 0.38282287685266]]","[0.37366444609965543, 0.38722934006833837, 0.38400092941187597]",0.381631571859957,0.007086041102197,0.387229340068338,0.373664446099655
5,10000,3,50,"[[0.38943673084468, -0.0088558295684861, -0.0028550539544276], [-0.0088558295684861, 0.38821483976179, 0.0036055913784072], [-0.0028550539544276, 0.0036055913784072, 0.3833894080984]]","[0.3990271237461478, 0.3797581272773006, 0.38225572768142163]",0.38701365956829,0.010478644621762,0.399027123746148,0.379758127277301
5,10000,4,50,"[[0.39791428297992, 0.0051311412549961, -0.015707784663678], [0.0051311412549961, 0.39140150636052, -0.002936331457283], [-0.015707784663678, -0.002936331457283, 0.39341009820038]]","[0.4130850916158598, 0.3796715553961013, 0.38996924052885884]",0.394241962513607,0.017111639767903,0.41308509161586,0.379671555396101
5,10000,5,50,"[[0.40133578515045, 0.015446400753152, -0.010083685786062], [0.015446400753152, 0.38864649571173, 0.0037659197538471], [-0.010083685786062, 0.0037659197538471, 0.40117724196535]]","[0.3752198413005583, 0.4150369344086697, 0.4009027471183025]",0.397053174275843,0.020185753248196,0.41503693440867,0.375219841300558
5,10000,6,50,"[[0.40277894375005, 0.0052366719000483, -0.0086289458725623], [0.0052366719000483, 0.38964493497482, 0.0020954849676907], [-0.0086289458725623, 0.0020954849676907, 0.40385249492415]]","[0.4121637891088517, 0.39789469359756086, 0.3862178909426081]",0.39875879121634,0.012994514474745,0.412163789108852,0.386217890942608
5,10000,1,55,"[[0.42930108350117, 0.0004926371364959, 0.003409887194816], [0.0004926371364959, 0.42424093902002, 0.0039948135940496], [0.003409887194816, 0.0039948135940496, 0.42210489360014]]","[0.43129832264849777, 0.4258807899059293, 0.41846780356690283]",0.42521563870711,0.006441069364924,0.431298322648498,0.418467803566903
5,10000,2,55,"[[0.42943053039684, -0.0026902742631524, 0.0061804861357546], [-0.0026902742631524, 0.4303211285811, 0.0019483527877364], [0.0061804861357546, 0.0019483527877364, 0.42825632769864]]","[0.42144012828355765, 0.43516703204728, 0.4314008263457421]",0.42933599555886,0.007092574734782,0.43516703204728,0.421440128283558
5,10000,3,55,"[[0.43866262114423, -0.0077954623769359, -0.004542570894331], [-0.0077954623769359, 0.43342423530416, 0.0015210213505918], [-0.004542570894331, 0.0015210213505918, 0.43704338644183]]","[0.4465056885617668, 0.4275753554788994, 0.4350491988495539]",0.436376747630073,0.009534734761941,0.446505688561767,0.427575355478899
5,10000,4,55,"[[0.44710524653473, 0.0019771554112109, -0.011095805030638], [0.0019771554112109, 0.43693809629803, -0.0007036089934037], [-0.011095805030638, -0.0007036089934037, 0.44292144543575]]","[0.45650344145466687, 0.4335603005877252, 0.43690104622611853]",0.442321596089503,0.012394906164476,0.456503441454667,0.433560300587725
5,10000,5,55,"[[0.44609998987288, 0.0067632353770995, -0.011413232671879], [0.0067632353770995, 0.4378108281101, 0.0044106659508365], [-0.011413232671879, 0.0044106659508365, 0.44999396825092]]","[0.4290837248782343, 0.4596764978985455, 0.44514456345712056]",0.444634928744634,0.015302752560347,0.459676497898546,0.429083724878234
5,10000,6,55,"[[0.44947513849519, -0.0062598559448088, -0.011044935060392], [-0.0062598559448088, 0.43729412677351, 0.0048937802952884], [-0.011044935060392, 0.0048937802952884, 0.4526810768568]]","[0.4644825152621973, 0.440321669402444, 0.43464615746085866]",0.446483447375167,0.015843853462817,0.464482515262197,0.434646157460859
5,10000,1,60,"[[0.48020464333368, 0.0035531153682225, 0.0075578230784827], [0.0035531153682225, 0.47958785665827, 0.0054783878225734], [0.0075578230784827, 0.0054783878225734, 0.4785776758495]]","[0.490639375833853, 0.47644298588370737, 0.47128781412389]",0.479456725280483,0.010021611847272,0.490639375833853,0.47128781412389
5,10000,2,60,"[[0.48357004719391, 0.0001222605925792, 0.0036639443429881], [0.0001222605925792, 0.48179544932938, 0.0050687295590116], [0.0036639443429881, 0.0050687295590116, 0.47844817638807]]","[0.4738769437183034, 0.48275716239935396, 0.4871795667937034]",0.481271224303787,0.006774655281963,0.487179566793703,0.473876943718303
5,10000,3,60,"[[0.49078700799542, -0.0096966992009564, -0.0012158807689066], [-0.0096966992009564, 0.48730317111785, 0.0032562595222734], [-0.0012158807689066, 0.0032562595222734, 0.48837171834391]]","[0.4997124903059506, 0.4788670916568865, 0.48788231549434263]",0.488820632485727,0.010454328782463,0.499712490305951,0.478867091656887
5,10000,4,60,"[[0.50030672506567, 0.0023650913389063, -0.012603608443191], [0.0023650913389063, 0.48484743435765, 0.0015682641150223], [-0.012603608443191, 0.0015682641150223, 0.49393966983582]]","[0.5101551800791739, 0.481758365532966, 0.4871802836469995]",0.493031276419713,0.015075488596151,0.510155180079174,0.481758365532966
5,10000,5,60,"[[0.49627283040767, 0.0050145441074117, -0.0096997403915655], [0.0050145441074117, 0.48832870594151, 0.0053347479984965], [-0.0096997403915655, 0.0053347479984965, 0.50354384835167]]","[0.5103861266119628, 0.49605086108238805, 0.4817083970064988]",0.49604846156695,0.014338864953311,0.510386126611963,0.481708397006499
5,10000,6,60,"[[0.50055305754521, -0.0074289281299938, -0.010841447621754], [-0.0074289281299938, 0.48838946424173, 0.0051807065582285], [-0.010841447621754, 0.0051807065582285, 0.50388281035317]]","[0.5159935003528359, 0.49196161237352243, 0.484870219413751]",0.497608444046703,0.016311949149695,0.515993500352836,0.484870219413751
5,0.0001,1,5,"[[0.11253930692607, 4.3303461631121e-05, -0.0006831440809878], [4.3303461631121e-05, 0.11326913892878, 0.0002295091341813], [-0.0006831440809878, 0.0002295091341813, 0.11316350792644]]","[0.11207836485304007, 0.1136761606763322, 0.11321742825191779]",0.11299065126043,0.00082268385552,0.113676160676332,0.11207836485304
5,0.0001,2,5,"[[0.1130599993904, -0.0004658742704164, -0.000642489420209], [-0.0004658742704164, 0.11369469101893, -0.0008506689026369], [-0.000642489420209, -0.0008506689026369, 0.11508292332628]]","[0.11244148843345059, 0.11384573215077486, 0.11555039315138431]",0.113945871245203,0.001556869620415,0.115550393151384,0.112441488433451
5,0.0001,3,5,"[[0.11434685304849, -0.0011053686584313, 0.0003954015889176], [-0.0011053686584313, 0.11519203860408, -0.000570555365291], [0.0003954015889176, -0.000570555365291, 0.11574092411263]]","[0.11358604795275978, 0.11654909279185266, 0.11514467502058774]",0.115093271921733,0.001482191076936,0.116549092791853,0.11358604795276
5,0.0001,4,5,"[[0.11552562005203, -0.0010668180353518, -0.0010877120586128], [-0.0010668180353518, 0.11581713699597, 0.0001603171698384], [-0.0010877120586128, 0.0001603171698384, 0.11834137635029]]","[0.11880270332555108, 0.11445237986277397, 0.11642905020996483]",0.11656137779943,0.002178178482333,0.118802703325551,0.114452379862774
5,0.0001,5,5,"[[0.11565465855236, 0.0017502552732196, -0.001474465024552], [0.0017502552732196, 0.11581325383556, 0.0008558554033221], [-0.001474465024552, 0.0008558554033221, 0.11948500206612]]","[0.11351845227417688, 0.11742989590796768, 0.12000456627189547]",0.116984304818013,0.003265935128326,0.120004566271895,0.113518452274177
5,0.0001,6,5,"[[0.11527741784103, 0.0007747541229694, -0.0021549763500486], [0.0007747541229694, 0.11627497031395, 5.2486700729021e-05], [-0.0021549763500486, 5.2486700729021e-05, 0.11912624219734]]","[0.12011027739513573, 0.11407054952148386, 0.11649780343570033]",0.116892876784107,0.003039184168475,0.120110277395136,0.114070549521484
5,0.0001,1,10,"[[0.1278655515663, -8.9437223429721e-05, -0.0007475704680138], [-8.9437223429721e-05, 0.1285956023993, 0.0007371947789388], [-0.0007475704680138, 0.0007371947789388, 0.12879843505085]]","[0.1296690791185011, 0.127370234666224, 0.12822027523172497]",0.128419863005483,0.001162345866563,0.129669079118501,0.127370234666224
5,0.0001,2,10,"[[0.12818056102176, -0.0016264055289878, -3.9957031241332e-06], [-0.0016264055289878, 0.1317867083457, 0.0001041281942671], [-3.9957031241332e-06, 0.0001041281942671, 0.1318451671264]]","[0.12755514739039459, 0.1324285397642292, 0.13182874933923622]",0.130604145497953,0.002657485509537,0.132428539764229,0.127555147390395
5,0.0001,3,10,"[[0.13187815650534, -0.0018384300605606, 2.1375438193312e-05], [-0.0018384300605606, 0.13306221807828, 0.0009412672468931], [2.1375438193312e-05, 0.0009412672468931, 0.13405541999765]]","[0.13044462775828336, 0.13352568542905352, 0.1350254813939331]",0.132998598193757,0.002335470128908,0.135025481393933,0.130444627758283
5,0.0001,4,10,"[[0.13448507382833, -0.0016088662533808, -0.0020487316357206], [-0.0016088662533808, 0.1349159692928, 0.0019222797319046], [-0.0020487316357206, 0.0019222797319046, 0.13724955709917]]","[0.1396272501524263, 0.13303582133245412, 0.1339875287354197]",0.135550200073433,0.003562750307723,0.139627250152426,0.133035821332454
5,0.0001,5,10,"[[0.13328086161261, 0.0025623300743105, -0.0013932097923176], [0.0025623300743105, 0.13686696246658, 0.0031178337149979], [-0.0013932097923176, 0.0031178337149979, 0.14020914221713]]","[0.13110156692349928, 0.13717799857436114, 0.14207740079845954]",0.136785655432107,0.005498425426305,0.142077400798459,0.131101566923499
5,0.0001,6,10,"[[0.13375717991586, 0.0021164714818128, -0.0021317435469997], [0.0021164714818128, 0.1389442382428, 0.0032595609838607], [-0.0021317435469997, 0.0032595609838607, 0.13950494131253]]","[0.13165861827464614, 0.13804891002786823, 0.1424988311686755]",0.13740211982373,0.005448973029214,0.142498831168676,0.131658618274646
5,0.0001,1,15,"[[0.14778540586473, -0.0006774594014948, -0.0019379634436036], [-0.0006774594014948, 0.14653916247132, 0.0011554925554799], [-0.0019379634436036, 0.0011554925554799, 0.14589319541548]]","[0.14948699710011268, 0.1462667115842162, 0.1444640550672009]",0.146739254583843,0.00254459413883,0.149486997100113,0.144464055067201
5,0.0001,2,15,"[[0.14673056999443, -0.0013969822577216, -0.0007641194656421], [-0.0013969822577216, 0.14909626356429, 0.001004978613667], [-0.0007641194656421, 0.001004978613667, 0.15169620902765]]","[0.14606888890867342, 0.1523023484504574, 0.14915180522723911]",0.14917434752879,0.003116790910742,0.152302348450457,0.146068888908673
5,0.0001,3,15,"[[0.15259829651459, -0.0016143578246995, -0.0012808650982245], [-0.0016143578246995, 0.15332295270415, 0.000705600589244], [-0.0012808650982245, 0.000705600589244, 0.15415951542556]]","[0.1557871869569521, 0.15117852544227514, 0.1531150522450728]",0.153360254881433,0.002314094528941,0.155787186956952,0.151178525442275
5,0.0001,4,15,"[[0.1562378011566, -0.0005848610795923, -0.0036202854715009], [-0.0005848610795923, 0.15988162216877, 0.0012795480425806], [-0.0036202854715009, 0.0012795480425806, 0.15542137721597]]","[0.15214394894768837, 0.1583938084100437, 0.16100304318360786]",0.157180266847113,0.004552515789533,0.161003043183608,0.152143948947688
5,0.0001,5,15,"[[0.15516013810498, 0.002131932210134, -0.0033564859928343], [0.002131932210134, 0.16077067308236, 0.0023561554415809], [-0.0033564859928343, 0.0023561554415809, 0.1607692138212]]","[0.15252964821533704, 0.16089503793397347, 0.16327533885922946]",0.15890000833618,0.005643808481479,0.163275338859229,0.152529648215337
5,0.0001,6,15,"[[0.1544748053824, 0.0029217845575073, -0.0056521936081322], [0.0029217845575073, 0.16312978336707, 0.0025988861142293], [-0.0056521936081322, 0.0025988861142293, 0.16167141061392]]","[0.15024083150377843, 0.16364148824376148, 0.16539367961584991]",0.159758666454463,0.008289115167644,0.16539367961585,0.150240831503778
5,0.0001,1,20,"[[0.16959176674908, -0.0008641174496015, -0.0030542818584476], [-0.0008641174496015, 0.16737721415771, 0.0011074922241674], [-0.0030542818584476, 0.0011074922241674, 0.16807861394326]]","[0.17235622287784777, 0.16561038754514698, 0.1670809844270555]",0.16834919828335,0.003547231085361,0.172356222877848,0.165610387545147
5,0.0001,2,20,"[[0.16812021417216, -0.0009891839951648, 0.0001573520112466], [-0.0009891839951648, 0.171706632102, 0.0025076373089024], [0.0001573520112466, 0.0025076373089024, 0.17567399189165]]","[0.16777295996233327, 0.170830492811391, 0.17689738539208574]",0.171833612721937,0.004644186906443,0.176897385392086,0.167772959962333
5,0.0001,3,20,"[[0.17367673756478, -0.0016409374306368, -0.0023416334812297], [-0.0016409374306368, 0.17918892172006, 0.0032891358439179], [-0.0023416334812297, 0.0032891358439179, 0.17850104526188]]","[0.18299066615423962, 0.17270904817590568, 0.17566699021657453]",0.177122234848907,0.005293035024261,0.18299066615424,0.172709048175906
5,0.0001,4,20,"[[0.18178358591155, 0.0017665234339483, -0.0071012149116378], [0.0017665234339483, 0.18210589458575, -1.5259891229842e-05], [-0.0071012149116378, -1.5259891229842e-05, 0.17923490084111]]","[0.17315202422142556, 0.188042222094774, 0.1819301350222104]",0.181041460446137,0.007484771543173,0.188042222094774,0.173152024221426
5,0.0001,5,20,"[[0.18324674050165, 0.0060235836625656, -0.006357713898902], [0.0060235836625656, 0.18673589400175, 0.0027237707265897], [-0.006357713898902, 0.0027237707265897, 0.18250883534452]]","[0.17357775618428273, 0.1917311012154242, 0.18718261244821305]",0.18416382328264,0.009445676258191,0.191731101215424,0.173577756184283
5,0.0001,6,20,"[[0.1827403470801, 0.0044551103824485, -0.0082069807092853], [0.0044551103824485, 0.18823141703182, 0.0058732000080721], [-0.0082069807092853, 0.0058732000080721, 0.18434678871704]]","[0.1720368129942637, 0.19039141265466, 0.1928903271800363]",0.18510618427632,0.011387163506882,0.192890327180036,0.172036812994264
5,0.0001,1,25,"[[0.19384015475068, 0.0008111405182121, -0.0037513017278355], [0.0008111405182121, 0.19249292839729, 0.0015343113375151], [-0.0037513017278355, 0.0015343113375151, 0.19223713705304]]","[0.18847790782886967, 0.1969023301218013, 0.19318998225033898]",0.192856740067003,0.004222086037373,0.196902330121801,0.18847790782887
5,0.0001,2,25,"[[0.19264352241475, -0.0018603113710888, 0.0019377766159578], [-0.0018603113710888, 0.19622731353846, 0.0024078676983851], [0.0019377766159578, 0.0024078676983851, 0.19893471854212]]","[0.19088779651951465, 0.19649285293344593, 0.20042490504236937]",0.195935184831777,0.004792948469146,0.200424905042369,0.190887796519515
5,0.0001,3,25,"[[0.19946093993749, 0.0007882338917999, -0.0021835217835176], [0.0007882338917999, 0.2069153119518, 0.0050112761781849], [-0.0021835217835176, 0.0050112761781849, 0.20485214916714]]","[0.19779945725932496, 0.2023757646868315, 0.21105317911027358]",0.203742800352143,0.006731781013094,0.211053179110274,0.197799457259325
5,0.0001,4,25,"[[0.20841651660703, 0.0030044019032862, -0.0072813663918763], [0.0030044019032862, 0.21350496569395, 0.0058107372313442], [-0.0072813663918763, 0.0058107372313442, 0.20574434884767]]","[0.19716319350139339, 0.21373717549383, 0.21676546215342657]",0.209221943716217,0.010552379948656,0.216765462153427,0.197163193501393
5,0.0001,5,25,"[[0.21238725215023, 0.00558014144015, -0.0061875966119495], [0.00558014144015, 0.21287254177334, 0.0061541062234214], [-0.0061875966119495, 0.0061541062234214, 0.21108493943953]]","[0.2001079418360373, 0.21795598293025675, 0.2182808085968059]",0.212114911121033,0.010399608717954,0.218280808596806,0.200107941836037
5,0.0001,6,25,"[[0.21172578739816, 0.0031736136068222, -0.0070544727228385], [0.0031736136068222, 0.21584882792607, 0.008249713937435], [-0.0070544727228385, 0.008249713937435, 0.21025970108263]]","[0.19957219609869425, 0.21616851570968404, 0.2220936045984816]",0.212611438802287,0.011674461756219,0.222093604598482,0.199572196098694
5,0.0001,1,30,"[[0.22085554929726, -0.0006399153078103, -0.0025093241034771], [-0.0006399153078103, 0.21958424753164, 0.0011919276369836], [-0.0025093241034771, 0.0011919276369836, 0.21891067623822]]","[0.22300468991980865, 0.21702388979949153, 0.21932189334781987]",0.219783491022373,0.00301700129759,0.223004689919809,0.217023889799491
5,0.0001,2,30,"[[0.222813140944, -0.0022778176050156, 0.0009175068997799], [-0.0022778176050156, 0.22649277989429, 0.0018731808318423], [0.0009175068997799, 0.0018731808318423, 0.22725619066907]]","[0.221258403486708, 0.22640383686508095, 0.228899871155571]",0.225520703835787,0.003896530507277,0.228899871155571,0.221258403486708
5,0.0001,3,30,"[[0.23025157324558, 0.0023971895886024, -0.0023082781314278], [0.0023971895886024, 0.23390546772849, 0.0057863007106055], [-0.0023082781314278, 0.0057863007106055, 0.23477281511623]]","[0.2259579851336901, 0.2328297754222143, 0.2401420955343959]",0.232976618696767,0.007093195272606,0.240142095534396,0.22595798513369
5,0.0001,4,30,"[[0.23828568667312, 0.0041427467040361, -0.0097896045340917], [0.0041427467040361, 0.24250167901131, 0.0046639782998177], [-0.0097896045340917, 0.0046639782998177, 0.23601445307843]]","[0.22506325348482364, 0.24700535042048016, 0.2447332148575561]",0.23893393958762,0.012065968660899,0.24700535042048,0.225063253484824
5,0.0001,5,30,"[[0.24383540821245, 0.0039662639719294, -0.0091333337165553], [0.0039662639719294, 0.24482475715476, 0.0086117032983803], [-0.0091333337165553, 0.0086117032983803, 0.24349687424798]]","[0.22926542990400156, 0.24831580395473277, 0.25457580575645555]",0.244052346538397,0.013182813937237,0.254575805756456,0.229265429904002
5,0.0001,6,30,"[[0.2427756182736, 0.0007563512046796, -0.010547307853171], [0.0007563512046796, 0.24572983654114, 0.010224307759584], [-0.010547307853171, 0.010224307759584, 0.24348997395347]]","[0.22871603008393815, 0.2450393091384537, 0.25824008954581845]",0.24399847625607,0.014789524048932,0.258240089545818,0.228716030083938
5,0.0001,1,35,"[[0.25448204455581, 0.0006232096749956, -0.0033021019102902], [0.0006232096749956, 0.25018035514085, 0.0026971693141584], [-0.0033021019102902, 0.0026971693141584, 0.25006923624816]]","[0.24639217912798478, 0.25634577790912433, 0.2519936789077109]",0.251577211981607,0.004989851270266,0.256345777909124,0.246392179127985
5,0.0001,2,35,"[[0.2567059260863, -0.0007182650468939, 0.0011833047556868], [-0.0007182650468939, 0.25601636034353, 0.0006090076059055], [0.0011833047556868, 0.0006090076059055, 0.25974385885219]]","[0.26017997186392283, 0.25703077364215743, 0.25525539977593975]",0.257488715094007,0.002494019916205,0.260179971863923,0.25525539977594
5,0.0001,3,35,"[[0.26327726185788, -6.5843801709677e-05, -0.0044691284023818], [-6.5843801709677e-05, 0.26514627944163, 0.003118016027384], [-0.0044691284023818, 0.003118016027384, 0.26680399640491]]","[0.27105665412764657, 0.259638994863658, 0.26453188871311556]",0.265075845901473,0.005728232959143,0.271056654127647,0.259638994863658
5,0.0001,4,35,"[[0.2725269136198, 0.0030762350810435, -0.01318207652693], [0.0030762350810435, 0.27566541039483, 0.004223088403053], [-0.01318207652693, 0.004223088403053, 0.26794757788185]]","[0.25550973287555184, 0.2836358152035739, 0.2769943538173539]",0.272046633965493,0.014701329041282,0.283635815203574,0.255509732875552
5,0.0001,5,35,"[[0.27477519820041, 0.0095268432505987, -0.0084234900568702], [0.0095268432505987, 0.27913023987008, 0.011915507886474], [-0.0084234900568702, 0.011915507886474, 0.27680330449434]]","[0.25698440604101225, 0.28356306706653805, 0.2901612694572801]",0.276902914188277,0.01756258220783,0.29016126945728,0.256984406041012
5,0.0001,6,35,"[[0.27849942414336, 0.0044460732810574, -0.0059447421278533], [0.0044460732810574, 0.27906205402655, 0.010875075314384], [-0.0059447421278533, 0.010875075314384, 0.27540010905467]]","[0.2627211229155477, 0.28195424899843796, 0.288286215310594]",0.277653862408193,0.013314033232307,0.288286215310594,0.262721122915548
5,0.0001,1,40,"[[0.29253207916004, 0.0017201216296368, 0.0001149106501562], [0.0017201216296368, 0.28835703736204, 0.0056442144569411], [0.0001149106501562, 0.0056442144569411, 0.28508166633731]]","[0.29404215758798324, 0.29116270342409284, 0.28076592184731375]",0.288656927619797,0.006983823676648,0.294042157587983,0.280765921847314
5,0.0001,2,40,"[[0.29510777700854, -0.0058689923919009, 0.0027181325216954], [-0.0058689923919009, 0.29361057466307, 0.0020997569819162], [0.0027181325216954, 0.0020997569819162, 0.29579360170286]]","[0.287125775338078, 0.30039239568030685, 0.29699378235608526]",0.29483731779149,0.00689119426442,0.300392395680307,0.287125775338078
5,0.0001,3,40,"[[0.30061792330614, 0.0016711857582628, -0.0022425724167495], [0.0016711857582628, 0.30183837396446, 0.0010868216271393], [-0.0022425724167495, 0.0010868216271393, 0.30406668330367]]","[0.29837833389978036, 0.30295244081316236, 0.30519220586132734]",0.30217432685809,0.00347293950025,0.305192205861327,0.29837833389978
5,0.0001,4,40,"[[0.30989786966809, 0.0037082880226603, -0.01411431415948], [0.0037082880226603, 0.31099904333389, -0.0003073769664832], [-0.01411431415948, -0.0003073769664832, 0.30564333527684]]","[0.29322323638546466, 0.3228220006995711, 0.31049501119378414]",0.308846749426273,0.014868062663682,0.322822000699571,0.293223236385465
5,0.0001,5,40,"[[0.31317866030883, 0.010699649165726, -0.0096948663685471], [0.010699649165726, 0.31067910748141, 0.0067268924583517], [-0.0096948663685471, 0.0067268924583517, 0.31551872231643]]","[0.294739870828467, 0.324779644024586, 0.3198569752536172]",0.313125496702223,0.016111536116537,0.324779644024586,0.294739870828467
